#
# File 's4x4x4_47.bini.mod2.txt'
#
# Solution for the 4x4x4_47 matrix multiplication problem in Bini matrix (mod 2!) format
#
# Created: 27-Apr-2025 00:17:40
#
Bini 4 4 4 47

product Gamma                                             Alpha                                             Beta
  1 ;   0  0  1  1  0  0  0  0  0  0  1  0  0  0  0  0 ;  1  0  0  0  0  0  0  0  0  0  0  0  0  0  0  0 ;  0  0  1  0  0  0  0  0  0  0  0  0  0  0  0  0
  2 ;   1  0  0  0  0  0  0  0  0  0  1  0  0  0  0  0 ;  1  0  0  0  0  0  0  0  1  0  1  0  0  0  0  0 ;  1  0  0  0  0  0  0  0  1  0  1  0  0  0  0  0
  3 ;   0  1  0  0  0  0  0  0  0  0  1  0  0  0  0  0 ;  1  0  0  0  0  0  0  0  1  0  0  1  0  0  0  0 ;  0  1  0  0  0  0  0  0  0  0  0  0  0  1  1  0
  4 ;   0  0  0  1  0  0  1  0  0  0  0  0  0  0  0  0 ;  0  0  1  0  1  0  1  0  0  0  0  0  0  0  0  0 ;  0  0  1  1  0  0  0  0  0  0  0  1  0  0  0  0
  5 ;   0  0  0  0  0  0  0  0  0  0  1  0  0  0  0  0 ;  1  0  0  0  0  0  0  0  1  0  0  0  0  0  0  0 ;  1  1  1  0  0  0  0  0  1  0  1  0  0  1  1  0
  6 ;   0  0  0  0  0  0  1  0  0  0  0  0  0  0  0  0 ;  0  0  1  0  0  0  1  0  0  0  0  0  0  0  0  0 ;  0  0  1  1  0  0  0  0  0  1  1  1  0  1  1  0
  7 ;   1  0  0  0  0  0  0  0  0  0  0  0  0  0  1  0 ;  0  0  0  1  0  0  0  0  0  0  0  0  0  0  1  1 ;  0  0  0  0  0  0  0  0  1  0  1  0  1  0  0  0
  8 ;   0  0  0  1  0  0  0  0  0  0  0  0  0  0  1  0 ;  0  0  0  1  0  0  0  0  0  0  0  0  1  0  0  1 ;  0  0  1  1  0  0  0  0  0  0  0  0  0  0  0  1
  9 ;   0  1  0  0  0  0  1  0  0  0  0  0  0  0  0  0 ;  0  0  1  0  0  0  1  1  0  0  0  0  0  0  0  0 ;  0  0  0  0  0  0  0  0  0  1  0  0  0  1  1  0
 10 ;   0  0  0  0  0  0  0  0  0  0  0  0  0  0  1  0 ;  0  0  0  1  0  0  0  0  0  0  0  0  0  0  0  1 ;  0  0  1  1  0  0  0  0  1  0  1  0  1  0  1  1
 11 ;   0  0  0  0  1  0  0  0  1  0  1  0  0  0  0  0 ;  0  0  0  0  0  0  0  0  0  0  1  0  0  0  0  0 ;  1  0  0  0  0  1  1  0  1  1  0  0  0  0  0  0
 12 ;   0  1  0  0  1  1  0  0  1  1  1  0  0  0  0  0 ;  0  1  0  0  0  0  0  0  0  1  1  0  0  0  0  0 ;  0  0  0  0  0  1  1  0  0  1  0  0  0  0  0  0
 13 ;   0  0  0  0  0  0  0  0  0  1  1  0  0  1  0  0 ;  0  0  0  0  0  0  0  0  0  0  0  1  0  0  0  0 ;  0  1  0  0  1  0  1  0  0  0  0  0  1  1  0  0
 14 ;   0  0  0  0  1  0  0  0  1  1  1  0  0  1  0  0 ;  0  1  0  0  0  0  0  0  0  1  0  0  0  0  0  0 ;  0  0  0  0  1  1  1  0  0  1  0  0  1  0  0  0
 15 ;   1  0  0  0  0  0  0  0  1  1  1  0  1  1  0  0 ;  0  1  0  0  0  0  0  0  0  1  0  1  0  0  0  0 ;  0  0  0  0  1  0  1  0  0  0  0  0  1  0  0  0
 16 ;   0  0  0  0  0  0  1  1  0  0  0  1  0  0  0  0 ;  0  0  0  0  1  0  0  0  0  0  0  0  0  0  0  0 ;  0  1  0  1  0  1  1  0  0  0  0  1  0  0  0  0
 17 ;   0  1  0  0  0  1  1  1  0  1  0  1  0  0  0  0 ;  0  1  0  0  1  1  0  0  0  0  0  0  0  0  0  0 ;  0  1  0  0  0  1  1  0  0  0  0  0  0  0  0  0
 18 ;   0  0  0  0  0  1  1  1  0  0  0  1  0  1  0  0 ;  0  1  0  0  0  1  0  0  0  0  0  0  0  0  0  0 ;  0  1  0  0  0  1  1  1  0  0  0  0  0  0  0  1
 19 ;   0  0  0  0  0  1  1  0  0  0  0  0  0  1  0  0 ;  0  0  0  0  0  0  0  1  0  0  0  0  0  0  0  0 ;  0  0  0  0  0  0  1  1  0  1  0  0  0  1  0  1
 20 ;   0  1  0  0  1  1  0  0  0  0  0  0  0  0  0  0 ;  0  1  0  0  0  0  1  1  0  1  1  0  0  0  0  0 ;  0  0  0  0  0  0  0  0  0  1  0  0  0  0  0  0
 21 ;   0  0  0  1  0  1  1  1  0  0  0  0  0  1  0  1 ;  0  1  0  0  0  1  0  1  0  0  0  0  0  0  0  0 ;  0  0  0  0  0  0  1  1  0  0  0  0  0  0  0  1
 22 ;   0  0  0  0  1  0  0  0  0  0  0  0  1  0  1  0 ;  0  0  0  0  0  0  0  0  0  0  0  0  0  0  1  0 ;  0  0  0  0  0  0  1  1  1  0  0  1  1  0  0  0
 23 ;   0  1  0  0  0  0  0  0  0  0  0  0  0  0  0  0 ;  1  0  1  1  0  0  1  1  1  0  0  1  0  0  0  0 ;  0  0  0  0  0  0  0  0  0  0  0  0  0  1  1  0
 24 ;   0  0  0  1  1  0  0  1  0  0  0  0  1  0  1  1 ;  0  1  0  0  0  0  0  0  0  0  0  0  0  1  1  0 ;  0  0  0  0  0  0  1  1  0  0  0  1  0  0  0  0
 25 ;   0  0  0  0  1  0  0  0  0  0  0  1  1  0  1  1 ;  0  1  0  0  0  0  0  0  0  0  0  0  0  1  0  0 ;  1  0  0  0  1  0  1  1  0  0  0  1  0  0  0  0
 26 ;   1  0  0  0  0  0  0  0  1  0  0  1  1  0  1  1 ;  0  1  0  0  0  0  0  0  0  0  0  0  1  1  0  0 ;  1  0  0  0  1  0  1  0  0  0  0  0  0  0  0  0
 27 ;   0  1  1  0  0  0  0  0  0  0  0  0  0  0  1  0 ;  0  0  0  1  0  0  0  0  0  0  0  0  0  0  0  0 ;  0  0  0  0  0  0  0  0  0  0  0  0  0  0  1  0
 28 ;   0  1  0  0  0  0  0  0  0  1  0  1  0  0  0  0 ;  0  1  0  0  1  1  0  0  1  0  0  1  0  0  0  0 ;  0  1  0  0  0  0  0  0  0  0  0  0  0  0  0  0
 29 ;   0  0  0  1  1  0  0  1  0  0  0  0  0  0  0  0 ;  0  1  0  0  1  0  1  0  0  0  0  0  0  1  1  0 ;  0  0  0  0  0  0  0  0  0  0  0  1  0  0  0  0
 30 ;   1  0  0  0  0  0  0  0  1  0  0  1  0  0  0  0 ;  0  1  0  0  0  0  0  0  1  0  1  0  1  1  0  0 ;  1  0  0  0  0  0  0  0  0  0  0  0  0  0  0  0
 31 ;   0  0  0  0  0  0  0  0  0  0  0  1  0  0  1  1 ;  0  0  0  0  0  0  0  0  0  0  0  0  1  0  0  0 ;  1  0  0  1  1  0  1  0  0  0  0  0  0  0  0  1
 32 ;   1  0  0  0  0  0  0  0  0  0  0  0  1  1  0  0 ;  0  1  0  0  0  0  0  0  0  1  0  1  0  0  1  1 ;  0  0  0  0  0  0  0  0  0  0  0  0  1  0  0  0
 33 ;   0  0  0  1  0  0  0  0  0  0  0  0  0  1  0  1 ;  0  1  0  0  0  1  0  1  0  0  0  0  1  0  0  1 ;  0  0  0  0  0  0  0  0  0  0  0  0  0  0  0  1
 34 ;   0  0  0  0  0  0  0  0  0  0  0  1  0  0  0  0 ;  0  0  0  0  1  0  0  0  1  0  0  0  1  0  0  0 ;  1  1  0  1  0  0  0  0  0  0  0  0  0  0  0  0
 35 ;   0  1  0  0  1  1  0  0  0  1  0  1  0  0  0  0 ;  0  1  0  0  1  1  0  0  0  1  1  0  0  0  0  0 ;  0  0  0  0  0  1  1  0  0  0  0  0  0  0  0  0
 36 ;   0  0  0  0  1  0  0  0  0  0  0  0  0  1  0  0 ;  0  1  0  0  0  0  0  1  0  1  0  0  0  0  1  0 ;  0  0  0  0  0  0  1  1  0  1  0  0  1  0  0  0
 37 ;   0  0  0  0  1  0  0  0  0  0  0  1  0  0  0  0 ;  0  1  0  0  1  0  0  0  0  0  1  0  0  1  0  0 ;  1  0  0  0  0  1  1  0  0  0  0  1  0  0  0  0
 38 ;   0  0  0  0  1  0  0  0  0  0  0  1  0  1  0  0 ;  0  0  0  0  0  1  0  0  0  1  0  0  0  1  0  0 ;  0  0  0  0  1  1  0  1  0  0  0  0  0  0  0  0
 39 ;   1  1  1  1  0  1  1  1  1  1  1  0  1  0  1  1 ;  0  1  0  0  0  0  0  0  0  0  0  0  0  0  0  0 ;  0  0  0  0  0  0  1  0  0  0  0  0  0  0  0  0
 40 ;   1  0  1  0  0  0  1  0  0  0  0  0  0  0  0  0 ;  0  0  1  0  0  0  0  0  0  0  0  0  0  0  0  0 ;  0  0  0  0  0  0  0  0  0  0  1  0  0  0  0  0
 41 ;   0  0  0  1  0  0  0  0  0  0  0  0  0  0  0  0 ;  1  0  1  1  1  0  1  0  0  0  0  0  1  0  0  1 ;  0  0  1  1  0  0  0  0  0  0  0  0  0  0  0  0
 42 ;   1  0  0  0  0  0  0  0  1  0  0  1  1  1  0  0 ;  0  1  0  0  0  0  0  0  0  1  0  1  1  1  0  0 ;  0  0  0  0  1  0  1  0  0  0  0  0  0  0  0  0
 43 ;   0  0  0  0  0  0  0  0  0  0  0  0  0  1  0  0 ;  0  0  0  0  0  0  0  1  0  0  0  1  0  0  0  1 ;  0  0  0  0  0  0  0  0  0  0  0  0  1  1  0  1
 44 ;   0  0  0  0  1  0  0  0  0  0  0  0  0  0  0  0 ;  0  0  0  0  0  0  1  0  0  0  1  0  0  0  1  0 ;  0  0  0  0  0  0  0  0  1  1  0  1  0  0  0  0
 45 ;   1  0  0  0  0  0  0  0  0  0  0  0  0  0  0  0 ;  1  0  1  1  0  0  0  0  1  0  1  0  0  0  1  1 ;  0  0  0  0  0  0  0  0  1  0  1  0  0  0  0  0
 46 ;   0  0  0  0  0  0  0  0  0  0  0  1  0  1  0  0 ;  0  1  0  0  0  1  0  0  0  0  0  1  1  0  0  0 ;  0  1  0  0  1  0  1  0  0  0  0  0  0  0  0  1
 47 ;   0  0  0  1  1  0  0  1  0  0  0  0  0  1  0  1 ;  0  1  0  0  0  1  0  1  0  0  0  0  0  1  1  0 ;  0  0  0  0  0  0  1  1  0  0  0  0  0  0  0  0

#
