#
# File 's5x5x7_127.bini.mod2.txt'
#
# Solution for the 5x5x7_127 matrix multiplication problem in Bini matrix (mod 2!) format
#
# Created: 14-May-2025 14:37:19
#
Bini 5 5 7 127

product Gamma                                                                                                      Alpha                                                                        Beta
  1 ;   0  0  0  0  0  0  0  0  0  0  0  1  0  0  0  0  0  0  0  0  0  0  0  0  0  1  0  0  0  0  0  0  0  0  0 ;  0  0  0  0  0  0  1  0  0  0  0  0  0  0  0  0  0  0  0  0  0  0  0  0  0 ;  0  0  0  0  0  0  0  0  0  0  0  1  0  0  0  0  0  0  0  0  0  0  0  0  0  1  0  0  0  0  0  0  0  0  0
  2 ;   0  0  0  0  0  0  0  0  0  1  0  0  0  0  0  0  0  0  0  0  0  0  0  1  0  0  0  0  0  0  1  0  0  0  0 ;  1  0  0  1  1  0  0  0  0  0  1  0  0  1  1  0  0  0  0  0  1  0  0  1  1 ;  0  0  1  0  1  0  0  0  0  0  0  0  0  0  0  0  0  0  0  0  0  0  0  0  0  0  0  0  0  0  0  0  0  0  0
  3 ;   0  0  0  0  0  0  0  0  0  0  0  0  0  0  0  0  0  0  0  0  0  0  0  0  0  0  0  0  0  0  0  0  0  1  0 ;  1  0  1  0  0  0  0  0  0  0  1  0  1  0  0  0  0  0  0  0  1  0  1  0  0 ;  0  1  0  0  0  1  0  0  0  0  0  0  0  0  1  0  0  1  0  0  1  0  0  0  0  0  0  0  0  0  0  0  0  0  0
  4 ;   0  0  0  0  1  1  0  0  0  0  0  0  0  0  0  0  0  0  0  0  0  0  0  0  0  1  1  0  0  0  0  0  1  1  0 ;  1  0  1  0  0  0  0  0  0  0  0  0  0  0  0  0  0  0  0  0  0  0  0  0  0 ;  0  0  0  0  0  0  1  0  0  0  0  0  1  0  0  0  0  0  0  1  0  0  0  0  0  0  1  0  0  0  0  0  0  0  0
  5 ;   0  0  0  0  0  0  0  0  0  0  0  0  0  0  0  1  0  0  0  0  0  0  0  0  0  0  0  0  0  0  1  0  1  0  0 ;  0  0  1  0  0  0  0  0  0  0  0  1  1  1  1  0  0  0  0  0  0  0  1  0  0 ;  0  0  1  0  0  0  0  0  1  1  0  1  1  0  0  0  1  0  0  0  0  0  0  1  0  0  0  0  0  0  0  0  0  0  0
  6 ;   1  0  0  0  0  0  1  1  0  0  0  0  0  1  0  0  0  0  0  0  0  1  0  0  0  0  0  1  1  0  0  0  0  0  1 ;  0  0  1  0  0  0  1  1  1  1  0  0  0  0  0  0  1  0  0  0  0  0  0  0  0 ;  0  0  0  0  0  0  1  0  0  0  0  0  0  1  0  0  0  0  0  0  0  0  0  0  0  0  0  1  0  0  0  0  0  0  0
  7 ;   1  1  0  1  0  1  0  1  0  0  0  0  0  0  0  1  0  1  0  1  0  1  0  0  0  0  0  0  1  0  0  0  0  0  0 ;  0  1  0  0  0  1  1  0  1  1  0  0  0  0  0  0  1  0  0  0  0  0  0  0  0 ;  1  0  0  0  0  0  1  0  0  0  0  0  1  0  0  0  0  0  0  0  0  0  0  0  0  0  1  0  0  0  0  0  0  0  0
  8 ;   0  0  0  0  0  0  0  0  0  1  0  0  0  0  0  0  1  0  0  0  0  0  0  1  0  0  0  0  0  0  1  0  0  0  0 ;  0  0  1  0  0  0  0  1  0  0  0  0  1  1  1  0  0  1  0  0  0  0  0  0  0 ;  0  0  1  0  1  0  0  0  0  0  0  0  0  0  0  0  1  0  1  0  0  0  0  0  0  0  0  0  0  0  0  0  0  0  0
  9 ;   0  0  0  0  0  0  0  0  1  1  1  1  0  1  0  0  0  0  0  0  0  0  0  0  0  0  0  0  0  0  0  0  0  0  0 ;  0  0  0  0  0  0  0  1  0  1  0  0  0  0  0  0  0  1  0  1  0  0  0  0  0 ;  0  0  0  0  0  0  1  0  0  0  0  0  0  0  0  0  1  0  1  1  1  0  0  0  0  0  0  1  0  0  0  0  0  0  0
 10 ;   0  0  0  0  0  0  0  0  0  0  0  0  0  0  0  0  0  0  0  0  0  0  0  0  0  0  0  0  0  0  0  1  0  0  0 ;  1  0  0  1  1  0  0  0  0  0  1  0  0  1  1  0  0  0  0  0  1  0  0  1  1 ;  0  0  0  0  0  0  0  0  0  0  0  0  0  0  0  0  0  0  0  0  0  0  0  0  0  0  0  0  1  0  0  1  0  0  1
 11 ;   0  0  0  0  0  0  0  0  0  1  0  1  1  0  0  0  1  0  1  0  0  0  0  1  0  1  1  0  0  0  1  0  1  0  0 ;  0  0  1  0  0  0  0  0  0  0  1  0  1  0  0  0  0  1  0  0  0  0  0  0  0 ;  0  0  0  0  1  0  0  0  0  0  0  0  0  0  0  0  0  0  0  1  0  0  0  0  0  0  0  0  0  0  0  0  0  0  0
 12 ;   0  0  0  0  0  0  0  0  0  0  0  0  1  0  0  0  0  0  0  0  0  0  0  0  0  0  1  0  0  0  0  0  0  0  0 ;  0  0  0  0  0  1  1  0  1  1  0  0  0  0  0  0  0  0  0  0  0  0  0  0  0 ;  0  0  0  0  1  1  0  0  0  0  0  0  1  0  0  0  0  0  0  0  0  0  0  0  0  0  1  0  0  0  0  0  0  0  0
 13 ;   0  0  0  0  0  0  0  0  0  0  1  0  0  0  0  1  0  1  1  0  0  0  0  0  1  0  0  0  0  0  0  1  0  0  0 ;  0  1  0  0  0  0  1  0  0  0  0  1  0  0  0  0  1  0  0  0  0  0  0  0  0 ;  0  0  0  0  0  0  0  0  0  0  1  0  1  0  0  0  0  0  0  0  0  0  0  0  1  0  1  0  0  0  0  0  0  0  0
 14 ;   0  1  0  1  1  0  0  0  0  0  0  0  0  0  0  1  0  1  1  0  0  0  0  0  0  0  0  0  0  0  0  0  0  0  0 ;  0  0  0  1  0  0  0  0  0  0  0  0  0  0  0  0  0  0  0  0  0  0  0  0  0 ;  0  0  0  0  0  0  0  1  0  1  0  1  1  1  0  0  0  0  0  0  0  1  0  1  0  1  1  1  0  0  1  0  1  0  0
 15 ;   1  1  0  1  0  1  0  0  0  0  0  0  0  0  0  0  0  0  0  0  0  1  1  0  1  0  1  0  1  1  0  1  0  1  0 ;  0  0  0  0  0  1  1  0  1  1  0  0  0  0  0  1  1  0  1  1  0  0  0  0  0 ;  0  0  0  0  0  0  1  0  0  0  0  0  0  0  0  0  0  0  0  0  0  0  0  0  0  0  1  0  0  0  0  0  0  0  0
 16 ;   0  0  0  0  0  0  0  0  1  0  0  0  0  0  0  0  0  0  0  0  0  0  1  0  0  0  0  0  0  0  0  1  0  0  1 ;  0  0  0  0  0  0  1  1  1  1  0  0  0  0  0  0  1  0  0  0  0  1  0  0  0 ;  0  0  0  0  0  0  1  0  0  0  0  0  0  1  0  1  0  0  0  0  1  0  0  0  0  0  0  1  0  0  0  0  0  0  0
 17 ;   0  0  0  0  0  0  0  0  1  0  1  0  0  0  0  0  0  0  0  0  0  0  1  0  1  0  0  0  0  0  0  0  0  0  0 ;  0  0  0  0  0  0  1  0  1  0  0  0  0  0  0  0  0  0  0  0  0  0  0  0  0 ;  0  0  0  0  0  0  0  1  0  0  1  0  0  1  0  0  0  0  0  0  0  0  0  0  0  0  0  0  0  0  0  0  0  0  0
 18 ;   1  1  0  1  1  0  0  0  0  0  0  0  0  0  0  0  0  0  0  0  0  1  1  0  1  1  0  0  1  1  0  1  1  0  0 ;  0  0  0  0  0  0  1  0  0  0  0  0  0  0  0  0  1  0  0  0  0  0  0  0  0 ;  0  0  0  0  0  0  0  0  0  1  0  1  1  1  0  0  0  0  0  0  0  0  0  0  0  0  1  1  0  0  0  0  0  0  0
 19 ;   0  0  1  0  1  0  0  0  1  1  1  1  0  1  0  0  0  0  0  0  0  0  1  1  1  1  0  1  0  0  1  0  1  0  0 ;  0  0  1  0  0  0  0  0  0  0  0  0  0  0  0  0  0  0  0  1  0  0  0  0  0 ;  0  0  0  0  0  0  1  0  0  0  0  0  0  0  0  0  0  0  1  1  1  0  0  0  0  0  0  0  0  0  0  0  0  0  1
 20 ;   0  0  0  0  0  0  0  0  0  0  0  0  0  0  0  0  0  0  0  0  0  0  0  0  0  0  0  0  0  0  0  1  0  0  0 ;  0  0  0  0  0  0  0  0  0  0  0  0  0  0  1  0  0  0  1  0  0  0  0  1  0 ;  0  0  0  0  0  0  0  0  0  0  0  0  0  0  0  0  0  0  0  0  0  0  1  0  1  0  0  0  0  1  0  1  0  0  0
 21 ;   0  0  0  1  0  0  0  0  0  0  0  0  0  0  0  1  1  1  1  0  0  0  0  0  0  0  0  0  0  0  0  0  0  0  0 ;  0  1  0  1  0  0  0  0  0  0  0  0  0  0  1  0  0  0  0  0  0  0  0  0  0 ;  0  0  0  0  0  0  0  0  0  1  1  1  1  0  0  0  0  0  0  0  0  0  0  1  0  0  0  0  0  0  1  0  0  0  0
 22 ;   0  0  0  0  0  0  0  0  0  0  0  0  0  0  0  1  0  1  0  1  0  0  0  0  1  0  0  0  0  0  0  1  0  0  0 ;  0  1  0  1  0  1  1  0  1  1  0  1  0  1  0  1  1  0  1  1  0  0  0  0  0 ;  0  0  0  1  0  0  0  0  0  0  0  0  0  0  0  0  0  0  0  0  0  0  0  0  0  0  1  0  0  0  0  0  0  0  0
 23 ;   0  0  0  0  0  0  0  0  0  1  0  1  1  0  0  0  0  0  0  0  0  0  0  0  0  0  0  0  0  0  0  0  0  0  0 ;  0  0  0  0  0  1  0  0  0  1  0  0  0  0  0  1  0  0  0  1  0  0  0  0  0 ;  0  0  1  0  1  1  0  0  0  0  0  0  0  0  0  0  0  0  0  0  0  0  0  0  0  0  1  0  0  0  0  0  0  0  0
 24 ;   0  0  1  0  1  0  0  0  0  0  0  0  0  0  0  0  0  0  0  0  0  0  0  0  0  0  0  0  0  0  1  0  1  0  0 ;  0  1  0  1  1  0  0  0  0  0  0  0  0  0  0  0  0  0  0  1  0  0  0  0  0 ;  0  0  0  0  0  0  0  0  0  1  0  0  0  0  0  0  0  0  0  0  0  0  0  1  0  0  0  0  0  0  1  0  0  0  0
 25 ;   0  0  0  0  0  0  0  0  0  0  0  0  0  0  0  1  1  1  1  0  0  0  0  0  1  0  0  0  0  0  0  1  0  0  0 ;  0  1  0  1  0  0  0  0  0  0  0  1  0  1  0  0  0  0  0  0  0  0  0  0  0 ;  0  0  0  0  0  0  0  0  0  1  1  1  1  0  0  0  0  0  0  0  0  0  0  0  0  0  0  0  0  0  0  0  0  0  0
 26 ;   0  0  0  0  0  0  0  0  0  0  0  0  0  0  0  1  0  0  0  1  0  0  0  0  0  0  0  0  0  0  0  0  0  0  0 ;  0  0  0  0  0  0  0  0  0  0  1  0  0  0  0  0  0  0  0  0  0  0  0  0  0 ;  0  0  0  1  0  1  0  0  0  0  0  0  0  0  0  0  0  0  0  1  0  0  0  0  0  0  0  0  0  0  0  0  0  0  0
 27 ;   0  0  0  0  0  0  0  0  0  0  0  0  0  0  0  0  0  0  0  0  0  0  1  0  0  0  0  0  0  1  0  0  1  0  0 ;  0  0  0  0  0  0  1  0  0  0  0  0  0  0  0  0  1  0  0  0  0  1  0  1  0 ;  0  0  0  0  0  0  0  0  1  1  0  1  1  0  0  0  0  0  0  0  0  0  1  0  0  0  1  0  0  0  0  0  0  0  0
 28 ;   0  0  0  0  0  0  0  0  0  0  1  0  0  0  0  1  0  1  0  1  0  0  0  0  1  0  0  0  0  0  0  1  0  0  0 ;  0  1  0  0  0  1  1  0  1  1  0  1  0  0  0  0  1  0  0  0  0  0  0  0  0 ;  0  0  0  1  0  0  0  0  0  0  0  0  1  0  0  0  0  0  0  0  0  0  0  0  0  0  1  0  0  0  0  0  0  0  0
 29 ;   0  0  0  0  0  0  0  0  0  1  0  1  1  0  0  0  1  0  0  0  0  0  0  1  0  0  0  0  0  0  1  0  0  0  0 ;  0  0  1  0  0  0  0  1  0  0  1  0  1  0  0  0  0  1  0  0  0  0  0  0  0 ;  0  0  1  0  1  0  0  0  0  0  0  0  0  0  0  0  0  0  0  1  0  0  0  0  0  0  0  0  0  0  0  0  0  0  0
 30 ;   0  0  0  0  0  0  1  0  0  0  0  0  0  0  0  0  0  0  0  0  1  0  0  0  0  0  0  0  0  0  0  0  0  0  0 ;  0  0  1  0  1  0  0  0  0  0  0  0  0  0  0  0  0  0  0  0  0  0  0  0  0 ;  0  0  0  0  0  0  1  0  0  0  0  0  0  0  1  0  0  0  0  0  0  0  0  0  0  0  0  0  0  0  0  0  0  0  1
 31 ;   0  0  0  0  0  0  0  0  0  0  0  0  0  0  0  1  0  1  1  0  0  0  0  0  1  0  0  0  0  0  0  1  0  0  0 ;  0  1  0  1  0  0  1  0  0  0  0  1  0  1  0  0  1  0  0  0  0  0  0  0  0 ;  0  0  0  0  0  0  0  0  0  1  1  1  1  0  0  0  0  0  0  0  0  0  0  0  1  0  1  0  0  0  0  0  0  0  0
 32 ;   0  0  1  0  0  0  0  0  0  1  0  0  0  0  0  0  0  0  0  0  0  0  0  1  0  0  0  0  0  0  1  0  0  0  0 ;  0  0  0  1  1  0  0  0  0  1  0  0  0  0  0  0  0  0  0  1  0  0  0  0  0 ;  0  0  0  0  0  0  0  0  0  0  0  0  0  0  0  0  0  0  0  0  0  0  0  0  0  0  0  0  0  0  1  0  1  0  0
 33 ;   0  0  1  0  1  0  0  0  0  1  0  0  0  0  0  0  0  0  0  0  0  0  0  1  0  0  0  0  0  0  1  0  1  0  0 ;  0  0  0  1  1  0  0  0  0  0  0  0  0  0  0  0  0  0  0  1  0  0  0  0  0 ;  0  0  0  0  0  0  0  0  0  1  0  0  0  0  0  0  0  0  0  0  0  0  0  1  0  0  0  0  0  0  1  0  1  0  0
 34 ;   1  1  0  1  0  1  0  0  0  0  0  0  0  0  0  1  0  1  0  1  0  1  0  0  0  0  0  0  1  0  0  0  0  0  0 ;  0  1  0  1  0  1  1  0  1  1  0  0  0  0  0  1  1  0  1  1  0  0  0  0  0 ;  1  0  0  0  0  0  1  0  0  0  0  0  0  0  0  0  0  0  0  0  0  0  0  0  0  0  1  0  0  0  0  0  0  0  0
 35 ;   0  0  0  0  0  0  0  0  0  0  0  0  0  0  0  1  0  0  0  0  0  0  0  0  0  0  0  0  0  0  0  1  0  0  0 ;  0  0  0  0  1  0  0  0  0  0  0  0  0  0  1  0  0  0  0  0  0  0  0  0  1 ;  0  0  0  0  0  0  0  0  0  0  0  0  0  0  0  0  0  0  0  0  0  0  1  0  0  1  1  0  0  1  0  0  1  1  0
 36 ;   0  1  0  0  0  0  0  0  0  0  0  0  0  0  0  0  0  0  0  0  0  0  0  0  0  0  0  0  0  0  1  0  1  0  0 ;  0  1  0  1  1  0  0  0  0  0  0  0  0  0  0  0  0  0  0  0  0  0  0  0  1 ;  0  0  0  0  0  0  0  0  1  1  0  1  1  0  0  0  0  0  0  0  0  0  0  1  0  0  0  0  0  0  1  0  0  0  0
 37 ;   0  1  1  1  1  0  0  0  0  0  0  0  0  0  0  1  1  1  1  0  0  0  0  0  0  0  0  0  0  0  0  0  0  0  0 ;  0  1  0  1  0  0  0  0  0  0  0  0  0  0  0  0  0  0  0  0  0  0  0  0  0 ;  0  0  0  0  0  0  0  1  0  1  0  1  1  1  0  0  0  0  0  0  0  0  0  1  0  0  0  0  0  0  1  0  0  0  0
 38 ;   0  0  0  0  0  0  0  0  0  0  0  0  0  0  0  0  0  0  0  0  0  0  0  0  0  0  0  0  0  0  0  0  1  0  0 ;  0  0  1  1  1  0  0  0  0  0  0  0  1  1  1  0  0  0  0  0  0  0  1  1  1 ;  0  0  1  0  1  0  0  0  1  1  0  1  1  0  0  0  0  0  0  0  0  0  1  1  0  1  1  0  0  0  0  0  0  0  0
 39 ;   0  0  0  1  0  0  0  0  0  0  0  0  0  0  1  0  0  0  0  0  0  0  0  0  0  0  0  0  0  0  0  0  0  0  0 ;  0  0  0  0  1  0  0  0  0  0  0  0  0  0  1  0  0  0  0  0  0  0  0  0  0 ;  0  0  0  1  0  0  1  0  0  0  0  0  0  0  0  0  0  1  0  0  1  0  0  0  0  0  0  0  0  0  0  1  0  0  1
 40 ;   0  0  0  0  0  0  0  0  0  0  0  0  0  0  0  0  0  0  0  0  0  0  1  0  0  0  0  0  0  1  1  0  1  0  0 ;  0  0  0  0  0  0  0  0  0  0  0  0  0  0  0  0  0  0  0  0  0  1  0  1  0 ;  0  0  0  0  0  0  0  0  1  1  0  1  1  0  0  0  0  0  0  0  0  0  0  0  0  0  0  0  0  0  0  0  0  0  0
 41 ;   0  0  0  0  0  0  0  0  0  1  0  0  0  0  0  0  0  0  0  0  0  0  0  1  0  0  0  0  0  1  0  0  0  1  0 ;  0  0  0  0  0  0  0  0  0  0  0  0  0  0  0  1  0  0  1  1  1  0  0  1  1 ;  0  0  0  0  0  0  0  0  0  1  0  0  0  0  0  0  0  0  0  0  0  0  0  1  0  0  0  0  0  0  0  0  0  0  0
 42 ;   0  1  0  0  0  0  0  0  0  0  0  0  0  0  0  0  0  0  0  0  0  0  0  0  0  0  0  0  1  1  0  1  0  0  0 ;  0  0  0  0  0  0  0  0  0  0  0  0  0  0  0  0  0  0  0  0  0  0  0  0  1 ;  0  1  0  0  0  0  1  0  0  0  0  0  0  0  0  1  0  0  0  0  1  0  0  0  0  0  0  0  0  1  0  0  0  0  1
 43 ;   0  0  0  0  0  0  0  0  0  0  0  0  0  0  0  0  0  0  0  0  0  0  0  1  0  1  0  0  0  0  0  0  0  0  0 ;  0  0  0  0  0  0  0  0  0  0  0  0  0  0  0  0  1  0  1  0  0  0  0  0  0 ;  0  0  0  0  0  0  0  0  0  1  0  0  0  0  0  0  0  0  0  0  0  0  0  0  0  0  0  0  0  0  0  0  0  0  0
 44 ;   1  1  0  1  1  0  0  1  0  0  0  0  0  0  0  1  0  1  1  0  0  1  0  0  0  0  0  0  1  0  0  0  0  0  0 ;  0  1  0  0  0  0  1  0  0  0  0  0  0  0  0  0  1  0  0  0  0  0  0  0  0 ;  0  0  0  0  0  0  0  1  0  0  0  0  1  1  0  0  0  0  0  0  0  1  0  0  0  0  1  1  0  0  0  0  0  0  0
 45 ;   0  0  0  0  0  0  0  0  0  0  1  0  0  0  1  0  0  0  0  0  0  0  0  0  1  0  0  0  0  0  0  1  0  0  0 ;  0  1  0  0  0  0  1  0  1  1  0  1  0  0  0  0  1  0  0  0  0  0  0  0  0 ;  0  0  0  1  0  0  1  1  0  0  0  0  0  0  0  0  0  1  0  0  1  1  0  0  0  0  0  0  1  0  0  1  0  0  1
 46 ;   0  0  0  0  0  0  0  0  0  1  0  1  1  0  0  0  0  0  0  0  0  0  0  1  0  1  1  0  0  0  1  0  1  0  0 ;  1  0  1  0  0  0  0  0  0  0  1  0  1  0  0  1  0  1  0  0  0  0  0  0  0 ;  0  0  0  0  1  0  0  0  0  0  0  0  0  0  0  0  0  0  0  0  0  0  0  0  0  0  0  0  0  0  0  0  0  0  0
 47 ;   0  0  0  0  0  0  0  0  0  0  0  0  0  0  0  0  0  1  0  0  1  0  0  0  0  0  0  0  0  0  0  0  0  0  0 ;  0  0  0  0  0  0  0  0  0  0  0  0  1  0  0  0  0  0  0  0  0  0  0  0  0 ;  0  0  0  0  0  0  0  0  0  0  0  0  0  0  0  0  0  1  0  0  0  0  0  0  0  0  0  0  0  0  0  0  0  0  0
 48 ;   0  0  0  1  0  0  0  0  0  0  0  0  0  0  0  1  0  1  0  1  0  0  0  0  0  0  0  0  0  0  0  0  0  0  0 ;  1  0  0  0  1  0  0  0  0  0  0  0  0  0  1  0  0  0  0  0  0  0  0  0  0 ;  0  0  0  1  0  0  0  0  0  0  0  0  0  0  0  0  0  0  0  0  0  0  0  0  0  0  0  0  0  0  0  0  0  1  0
 49 ;   0  0  0  0  0  0  0  0  1  1  1  1  0  1  0  0  1  0  1  0  0  0  1  1  1  1  0  1  0  0  1  0  1  0  0 ;  0  0  1  0  0  0  0  0  0  0  0  0  0  0  0  0  0  1  0  0  0  0  0  0  0 ;  0  0  0  0  0  0  0  0  0  0  0  0  0  0  0  0  0  0  1  1  0  0  0  0  0  0  0  0  0  0  0  0  0  0  0
 50 ;   0  0  0  0  0  0  0  0  0  0  0  0  0  0  0  0  0  0  0  0  0  0  1  0  0  0  0  0  0  0  0  1  0  0  1 ;  0  0  0  0  0  0  1  1  1  1  0  0  0  0  0  0  1  1  1  1  0  1  0  1  0 ;  0  0  0  0  0  0  1  0  0  0  0  0  0  0  0  1  0  0  0  0  1  0  0  0  0  0  0  1  0  0  0  0  0  0  0
 51 ;   0  0  0  0  0  0  0  0  0  0  0  0  0  0  0  0  0  0  0  0  1  0  0  0  1  0  0  0  0  0  0  1  0  0  0 ;  0  1  0  1  0  0  1  1  1  1  0  1  0  1  0  0  1  1  1  1  0  0  0  0  0 ;  0  0  0  0  0  0  1  0  0  0  0  0  0  0  0  0  0  1  0  0  1  0  0  0  0  0  0  1  0  0  0  0  0  0  0
 52 ;   0  1  0  0  0  0  0  0  0  0  0  0  0  0  0  0  0  0  0  0  0  0  0  0  0  0  0  0  0  0  0  0  1  0  0 ;  0  0  0  1  1  0  0  0  0  0  0  0  0  0  0  0  0  0  0  0  0  0  0  0  1 ;  0  0  0  0  0  0  0  0  1  1  0  1  1  0  0  0  0  0  0  0  0  0  1  1  0  1  1  0  0  0  1  0  1  0  0
 53 ;   0  1  0  1  1  0  1  0  0  0  0  0  0  0  0  0  0  0  0  0  0  0  1  0  1  1  0  1  0  1  0  1  1  0  1 ;  0  0  1  0  0  0  0  0  0  0  0  0  0  0  0  0  0  0  0  0  0  0  0  0  0 ;  0  0  0  0  0  0  0  0  0  0  0  0  0  1  0  0  0  0  0  0  1  0  0  0  0  0  0  1  0  0  0  0  0  0  1
 54 ;   0  0  0  0  0  0  0  0  0  0  0  0  0  0  1  0  0  0  0  0  0  0  0  0  1  0  0  0  0  0  0  1  0  0  0 ;  0  1  0  1  0  0  1  0  1  1  0  1  0  1  0  0  1  0  1  1  0  0  0  0  0 ;  0  0  0  1  0  0  1  0  0  0  0  0  0  0  0  0  0  1  0  0  1  1  0  0  0  0  0  0  1  0  0  1  0  0  1
 55 ;   0  0  0  0  0  0  0  0  0  0  0  0  0  0  0  1  0  0  1  0  0  0  0  0  0  0  0  0  0  0  0  0  0  0  0 ;  0  0  0  0  0  0  0  0  0  0  0  0  0  1  1  0  0  0  0  0  0  0  0  0  0 ;  0  0  1  0  1  0  0  0  0  1  1  1  1  0  0  0  1  0  1  0  0  0  0  1  1  1  1  0  0  0  0  0  0  0  0
 56 ;   1  0  0  0  0  0  1  0  0  0  0  0  0  0  1  0  0  0  1  1  1  0  0  0  0  1  1  0  0  0  0  0  1  1  0 ;  0  0  0  0  0  0  0  0  0  0  1  0  1  0  0  0  0  0  0  0  0  0  0  0  0 ;  0  0  0  0  0  0  0  0  0  0  0  0  0  0  1  0  0  0  0  0  0  0  0  0  0  0  0  0  0  0  0  0  0  0  0
 57 ;   0  0  0  0  0  0  0  0  1  0  0  0  0  0  0  0  0  0  0  0  0  0  1  0  0  0  0  0  0  1  0  0  1  0  0 ;  0  0  0  0  0  0  1  0  0  0  0  0  0  0  0  0  1  0  0  0  0  1  0  0  0 ;  0  0  0  0  0  0  0  0  1  0  0  0  1  0  0  0  0  0  0  0  0  0  1  0  0  0  1  0  0  0  0  0  0  0  0
 58 ;   0  0  0  1  0  0  0  0  0  0  0  0  0  0  0  1  0  1  1  0  0  0  0  0  0  0  0  0  0  0  0  0  0  0  0 ;  0  0  0  1  0  0  0  0  0  0  0  0  0  0  1  0  0  0  0  0  0  0  0  0  0 ;  0  0  0  0  0  0  0  0  0  1  1  1  1  0  0  0  0  0  0  0  0  0  0  1  1  1  1  0  0  0  1  0  1  0  0
 59 ;   0  0  0  0  0  0  0  0  0  1  0  1  0  0  0  0  0  0  0  0  0  0  0  0  0  0  0  0  0  0  0  0  0  0  0 ;  0  0  0  0  0  0  1  0  1  0  0  0  0  0  0  0  0  0  0  0  0  0  0  0  0 ;  0  0  0  0  0  0  0  0  0  0  0  0  0  0  0  0  0  0  0  0  0  1  0  0  0  1  1  1  1  0  0  0  1  1  1
 60 ;   0  0  0  0  1  1  0  0  0  0  0  0  0  0  0  0  0  0  0  0  0  0  0  0  0  1  1  0  0  0  0  0  1  1  0 ;  1  0  0  0  0  0  0  0  0  0  0  0  0  0  0  0  0  0  0  0  0  0  0  0  0 ;  0  0  0  0  0  1  1  0  0  0  0  0  1  0  0  0  0  0  0  1  0  0  0  0  0  0  1  0  0  0  0  0  0  1  0
 61 ;   0  0  0  0  0  0  0  0  0  1  0  1  1  0  0  0  0  0  0  0  0  0  0  0  0  0  1  0  0  0  0  0  0  0  0 ;  0  0  0  0  0  1  1  0  1  1  0  0  0  0  0  1  0  0  0  1  0  0  0  0  0 ;  0  0  0  0  1  1  0  0  0  0  0  0  0  0  0  0  0  0  0  0  0  0  0  0  0  0  1  0  0  0  0  0  0  0  0
 62 ;   0  0  1  0  0  0  0  0  0  1  0  1  1  0  0  0  0  0  0  0  0  0  0  1  0  0  0  0  0  0  1  0  0  0  0 ;  1  0  0  0  0  0  0  0  0  1  0  0  0  0  0  0  0  0  0  1  0  0  0  0  0 ;  0  0  1  0  1  1  0  0  0  0  0  0  0  0  0  0  0  0  0  0  0  0  0  0  0  0  0  0  0  0  0  0  0  1  0
 63 ;   0  0  0  0  0  0  0  0  0  0  0  0  0  0  1  0  0  0  0  0  0  0  0  0  0  0  0  0  0  0  0  1  0  0  0 ;  1  0  0  1  1  0  0  0  0  0  1  0  0  1  1  0  0  0  1  1  1  0  0  0  0 ;  0  0  0  1  0  0  1  0  0  0  0  0  0  0  0  0  0  1  0  0  1  0  0  0  0  0  0  0  1  0  0  1  0  0  1
 64 ;   0  0  0  0  0  0  0  0  0  0  0  0  0  0  0  1  0  0  0  0  0  0  0  0  0  0  0  0  0  0  0  0  0  1  0 ;  0  0  1  0  0  0  0  0  0  0  1  0  1  0  0  0  0  0  0  0  0  0  1  0  0 ;  0  1  0  0  0  1  0  0  0  0  0  0  0  0  0  0  0  0  0  1  0  0  0  0  0  0  0  0  0  0  0  0  0  0  0
 65 ;   1  1  0  1  0  1  0  1  0  0  0  0  0  1  0  0  0  0  0  0  0  1  1  0  1  0  1  0  1  1  0  1  0  1  0 ;  0  0  1  0  0  1  1  0  1  1  0  0  0  0  0  0  1  0  0  0  0  0  0  0  0 ;  0  0  0  0  0  0  1  0  0  0  0  0  1  0  0  0  0  0  0  0  0  0  0  0  0  0  1  0  0  0  0  0  0  0  0
 66 ;   1  1  0  1  0  1  0  0  0  0  0  0  0  0  0  0  0  0  0  0  0  0  1  0  1  0  1  1  1  1  1  1  1  1  0 ;  0  0  0  0  0  0  0  0  0  0  0  0  0  0  0  1  0  1  0  0  1  0  1  0  0 ;  0  0  1  0  0  0  0  0  0  1  0  0  0  0  0  0  0  0  0  0  0  0  0  1  0  0  0  0  0  0  0  0  0  0  0
 67 ;   0  0  0  0  0  0  0  0  0  0  0  0  0  0  0  0  0  0  0  0  0  0  0  0  0  0  0  0  0  0  1  0  1  0  0 ;  0  1  1  1  1  0  0  0  0  0  0  1  1  1  1  0  0  0  0  0  0  1  1  1  1 ;  0  0  0  0  0  0  0  0  1  0  0  1  1  0  0  0  0  0  0  0  0  0  0  0  0  0  0  0  0  0  0  0  0  0  0
 68 ;   0  0  0  0  0  0  0  0  0  0  0  0  0  0  0  1  0  1  0  1  0  0  0  0  0  0  0  0  0  0  0  1  0  0  0 ;  1  0  0  1  1  0  0  0  0  0  1  0  0  1  1  1  0  0  1  1  0  0  0  0  0 ;  0  0  0  1  0  0  0  0  0  0  0  0  0  0  0  0  0  0  0  0  0  0  0  0  0  0  0  0  0  0  0  0  0  0  0
 69 ;   0  0  0  0  0  0  0  0  1  0  0  0  0  0  0  0  0  0  0  0  0  0  1  0  0  0  0  0  0  0  0  0  0  0  0 ;  0  0  0  0  0  0  0  0  0  0  0  0  0  0  0  0  1  0  0  0  0  1  0  0  0 ;  0  0  0  0  0  0  0  0  1  0  1  0  0  0  0  0  0  0  0  0  0  0  0  0  0  0  0  0  0  0  0  0  0  0  0
 70 ;   0  0  0  0  0  0  0  0  1  1  1  1  0  1  0  0  0  0  0  0  0  0  1  0  1  0  0  1  0  0  0  0  0  0  0 ;  0  0  0  0  0  0  1  1  1  1  0  0  0  0  0  0  0  1  0  1  0  0  0  0  0 ;  0  0  0  0  0  0  1  0  0  0  0  0  0  0  0  0  0  0  1  1  1  0  0  0  0  0  0  1  0  0  0  0  0  0  0
 71 ;   0  0  0  0  0  0  0  0  1  0  1  0  1  1  0  0  0  0  0  0  0  0  0  0  0  0  0  0  0  0  0  0  0  0  0 ;  0  0  0  0  0  1  0  0  1  1  0  0  0  0  0  0  0  0  0  0  0  0  0  0  0 ;  0  0  0  0  0  0  0  0  0  0  0  0  1  0  0  0  0  0  0  0  0  0  0  0  0  0  1  0  0  0  0  0  0  0  0
 72 ;   1  1  0  1  0  1  0  0  0  0  0  0  0  0  0  1  0  1  0  1  0  0  0  0  0  0  0  0  1  0  0  0  0  0  0 ;  1  0  0  1  1  0  0  0  0  0  0  0  0  0  0  1  0  0  1  1  0  0  0  0  0 ;  1  0  0  0  0  0  1  0  0  0  0  0  0  0  0  0  0  0  0  0  0  0  0  0  0  0  0  0  0  0  0  0  0  0  0
 73 ;   0  0  0  0  0  0  0  0  0  0  0  0  0  0  0  0  1  0  1  0  0  0  0  0  0  0  0  0  0  0  1  0  1  0  0 ;  0  0  1  0  0  0  0  0  0  0  0  1  1  1  1  0  0  1  0  0  0  0  0  0  0 ;  0  0  1  0  0  0  0  0  0  1  0  0  0  0  0  0  1  0  0  0  0  0  0  1  0  0  0  0  0  0  0  0  0  0  0
 74 ;   1  1  1  1  1  0  0  0  0  0  0  0  0  0  0  1  1  1  1  0  0  1  0  0  0  0  0  0  1  0  0  0  0  0  0 ;  0  1  0  1  0  0  0  0  0  0  0  0  0  0  0  0  0  0  0  0  0  0  0  0  0 ;  0  0  0  0  0  0  0  1  0  1  0  1  1  1  0  0  0  0  0  0  0  0  0  0  0  0  0  0  0  0  0  0  0  0  0
 75 ;   0  0  1  0  0  0  0  0  1  1  1  1  0  1  0  0  0  0  0  0  0  0  0  1  0  0  0  0  0  0  1  0  0  0  0 ;  0  0  1  0  0  0  0  0  0  1  0  0  0  0  0  0  0  0  0  1  0  0  0  0  0 ;  0  0  0  0  0  0  1  0  0  0  0  0  0  0  0  0  1  0  1  1  1  0  0  0  0  0  0  0  0  0  0  0  0  0  1
 76 ;   0  0  0  0  0  0  0  0  0  0  0  0  0  0  0  0  0  0  0  0  1  0  0  0  0  0  0  0  0  0  0  0  0  1  0 ;  1  0  1  0  0  0  0  0  0  0  1  0  1  0  0  0  0  0  0  0  1  0  1  0  0 ;  0  0  0  0  0  0  0  0  0  0  0  0  0  0  0  0  0  1  0  0  1  0  0  0  0  0  0  0  0  0  0  0  0  0  0
 77 ;   1  0  0  0  0  0  1  0  0  0  0  0  0  0  0  0  0  0  0  0  1  0  0  0  0  0  0  0  1  0  0  0  0  0  0 ;  1  0  0  1  1  0  0  0  0  0  0  0  0  0  0  0  0  1  1  1  1  0  1  0  0 ;  0  0  0  0  0  0  1  0  0  0  0  0  0  0  1  0  0  0  0  0  0  0  0  0  0  0  0  0  0  0  0  0  0  0  0
 78 ;   0  0  0  0  0  0  0  0  0  0  0  0  0  0  0  1  0  0  0  0  0  0  0  0  0  0  0  0  0  0  0  0  0  0  0 ;  0  0  1  0  0  0  0  0  0  0  0  0  1  0  0  0  0  0  0  0  0  0  1  0  0 ;  0  1  0  0  1  1  0  0  0  0  0  0  0  0  0  1  0  0  1  1  0  0  1  0  0  1  1  0  0  0  0  0  0  0  0
 79 ;   0  0  0  0  0  0  0  0  1  1  1  1  0  1  0  0  1  0  0  0  0  0  0  1  0  0  0  0  0  0  1  0  0  0  0 ;  0  0  1  0  0  0  0  1  0  0  0  0  0  0  0  0  0  1  0  0  0  0  0  0  0 ;  0  0  0  0  0  0  0  0  0  0  0  0  0  0  0  0  1  0  1  1  0  0  0  0  0  0  0  0  0  0  0  0  0  0  0
 80 ;   0  0  1  0  0  0  0  0  0  0  0  0  0  0  0  0  0  0  0  0  0  0  0  1  0  0  0  0  0  0  1  0  0  0  0 ;  0  0  0  0  0  0  0  0  0  1  0  0  0  0  0  0  0  0  0  1  0  0  0  0  0 ;  0  0  1  0  1  1  1  0  0  0  0  0  0  0  0  0  1  0  1  1  1  1  0  0  0  0  0  0  1  0  1  0  1  1  1
 81 ;   0  0  1  0  0  0  0  1  1  1  1  1  0  0  0  0  0  0  0  0  0  0  0  1  0  0  0  0  0  0  1  0  0  0  0 ;  0  0  0  0  0  0  0  0  0  1  0  0  0  0  0  0  0  0  0  1  0  0  0  0  0 ;  0  0  0  0  0  0  0  0  0  0  0  0  0  0  0  0  0  0  0  0  0  1  0  0  0  0  0  0  1  0  0  0  0  0  0
 82 ;   0  0  1  0  1  0  0  0  0  1  0  1  1  0  0  0  0  0  0  0  0  0  0  1  0  1  1  0  0  0  1  0  1  0  0 ;  1  0  0  0  0  0  0  0  0  0  0  0  0  0  0  0  0  0  0  1  0  0  0  0  0 ;  0  0  0  0  1  1  0  0  0  0  0  0  0  0  0  0  0  0  0  0  0  0  0  0  0  0  0  0  0  0  0  0  0  1  0
 83 ;   0  1  0  0  0  0  0  0  0  0  0  0  0  0  0  0  0  0  0  0  0  0  0  0  0  0  0  0  0  0  0  0  0  1  0 ;  1  0  0  0  0  0  0  0  0  0  0  0  0  0  0  0  0  0  0  0  0  0  0  0  1 ;  0  1  0  0  0  0  0  0  0  0  0  0  0  0  0  0  0  0  0  0  0  0  0  0  0  0  0  0  0  0  0  0  0  1  0
 84 ;   0  0  0  0  0  0  0  0  0  1  0  0  0  0  0  0  0  0  0  0  0  0  0  0  0  0  0  0  0  0  0  0  0  0  0 ;  0  0  0  0  0  0  0  0  1  0  0  0  0  0  0  0  0  0  1  0  0  0  0  0  0 ;  0  0  0  0  0  0  0  0  0  0  0  0  0  0  0  0  0  0  0  0  0  0  0  1  0  1  0  0  0  0  0  0  0  0  0
 85 ;   0  1  0  0  0  0  0  0  0  0  0  0  0  0  0  1  0  0  0  0  0  0  0  0  0  0  0  0  0  0  0  1  0  0  0 ;  0  0  0  0  1  0  0  0  0  0  0  0  0  0  0  0  0  0  0  0  0  0  0  0  1 ;  0  0  0  0  0  0  0  0  0  0  0  0  0  0  0  0  0  0  0  0  0  0  1  0  0  1  1  0  0  1  0  0  1  1  0
 86 ;   0  0  0  0  0  0  0  0  0  0  0  0  0  0  0  0  0  0  0  0  0  0  0  0  0  0  0  0  0  1  0  0  0  1  0 ;  0  0  0  0  0  0  0  0  0  0  0  0  0  0  0  1  0  0  1  1  1  0  0  1  1 ;  0  1  0  0  0  0  0  0  0  1  0  0  0  0  0  0  0  0  0  0  0  0  0  1  0  0  0  0  0  0  0  0  0  0  0
 87 ;   1  0  0  0  0  0  1  0  0  0  0  0  0  0  0  0  0  0  0  0  0  1  0  0  0  0  0  1  1  0  0  0  0  0  1 ;  0  0  0  0  0  0  1  1  1  1  0  0  0  0  0  0  1  1  1  1  0  0  0  0  0 ;  0  0  0  0  0  0  1  0  0  0  0  0  0  0  0  0  0  0  0  0  0  0  0  0  0  0  0  1  0  0  0  0  0  0  0
 88 ;   1  0  0  0  0  0  1  1  0  0  0  0  0  0  0  0  0  0  0  0  1  1  0  0  0  0  0  0  1  0  0  0  0  0  0 ;  0  1  0  0  0  0  1  1  1  1  0  0  0  0  0  0  1  0  0  0  0  0  0  0  0 ;  0  0  0  0  0  0  1  0  0  0  0  0  0  1  1  0  0  0  0  0  0  0  0  0  0  0  0  1  0  0  0  0  0  0  0
 89 ;   0  0  0  0  0  0  0  1  1  0  1  0  0  0  0  0  0  0  0  0  0  1  1  0  1  0  0  0  0  0  0  0  0  0  0 ;  0  0  0  0  0  0  1  0  1  1  0  0  0  0  0  0  0  0  0  0  0  0  0  0  0 ;  0  0  0  0  1  1  1  1  0  0  0  0  0  0  0  0  0  0  1  1  1  1  0  0  0  0  0  0  1  0  0  0  1  1  1
 90 ;   0  0  0  0  0  0  0  0  0  0  0  0  0  0  0  0  0  0  0  0  0  0  0  0  1  0  0  0  0  0  0  1  0  0  0 ;  0  1  0  1  0  0  1  0  1  0  0  1  0  1  0  0  1  0  1  0  0  0  0  0  0 ;  0  0  0  0  0  0  0  0  0  0  0  0  0  0  0  0  0  0  0  0  0  1  0  0  1  0  0  1  1  0  0  1  0  0  1
 91 ;   1  0  0  0  0  0  0  0  0  0  0  0  0  0  1  0  0  0  0  0  0  0  0  0  0  0  0  0  0  0  0  0  0  0  0 ;  0  0  0  0  1  0  0  0  0  0  0  0  0  0  0  0  0  0  0  0  0  0  0  0  0 ;  1  0  0  0  0  0  0  0  0  0  0  0  0  0  1  0  0  0  0  0  0  0  0  0  0  0  0  0  1  0  0  0  0  0  0
 92 ;   0  0  0  0  0  0  0  0  0  0  0  0  0  0  0  0  0  0  0  0  0  0  1  0  0  0  0  0  1  0  0  1  0  0  0 ;  0  0  0  0  0  0  1  0  1  1  0  0  0  0  0  0  1  0  1  1  0  1  0  1  0 ;  0  1  0  0  0  0  1  0  0  0  0  0  0  0  0  1  0  0  0  0  1  1  0  0  0  0  0  0  1  1  0  0  0  0  1
 93 ;   0  0  0  0  0  0  0  0  0  0  0  0  0  0  0  0  0  0  0  0  0  0  1  0  0  0  0  0  0  0  0  1  0  0  0 ;  0  0  0  0  0  0  1  0  1  0  0  0  0  0  0  0  1  0  1  0  0  1  0  1  0 ;  0  0  0  0  0  0  0  0  0  0  0  0  0  0  0  0  0  0  0  0  0  1  1  0  0  0  0  1  1  1  0  0  0  0  1
 94 ;   0  0  0  0  0  0  0  0  0  1  0  0  0  0  0  0  0  0  0  0  0  0  0  1  0  0  0  0  0  0  1  0  1  0  0 ;  0  0  1  1  1  0  0  0  0  0  0  0  1  1  1  1  0  1  0  0  1  0  0  1  1 ;  0  0  1  0  1  0  0  0  0  1  0  0  0  0  0  0  0  0  0  0  0  0  0  1  0  0  0  0  0  0  0  0  0  0  0
 95 ;   0  0  0  1  0  0  0  0  0  0  0  0  0  0  0  0  0  1  0  0  0  0  0  0  0  0  0  0  0  0  0  1  0  0  0 ;  0  0  0  0  0  0  0  0  0  0  0  0  0  0  1  0  0  0  0  0  0  0  0  0  0 ;  0  0  0  0  0  0  0  0  0  0  0  0  0  0  0  0  0  0  0  0  0  0  0  0  1  1  1  0  0  0  0  1  1  1  0
 96 ;   0  0  0  0  0  0  0  0  0  0  1  0  0  0  0  0  0  0  0  0  0  0  0  0  1  0  0  0  0  0  0  1  0  0  0 ;  0  1  0  0  0  0  1  0  1  0  0  1  0  0  0  0  1  0  0  0  0  0  0  0  0 ;  0  0  0  0  0  0  0  1  0  0  1  0  0  1  0  0  0  0  0  0  0  1  0  0  1  0  0  1  1  0  0  1  0  0  1
 97 ;   0  0  0  0  0  0  0  0  0  0  0  0  0  0  1  0  0  0  0  0  0  1  0  0  0  0  0  0  1  0  0  0  0  0  0 ;  0  1  0  1  0  0  1  0  1  1  0  0  0  0  0  0  1  0  1  1  0  0  0  0  0 ;  1  0  0  0  0  0  0  0  0  0  0  0  0  0  1  0  0  0  0  0  0  1  0  0  0  0  0  0  0  0  0  0  0  0  0
 98 ;   0  1  0  1  0  1  1  0  0  0  0  0  0  0  0  0  0  0  0  0  0  0  1  0  1  0  1  1  0  1  0  1  0  1  1 ;  0  0  0  0  0  0  0  0  0  0  0  0  0  0  0  0  0  1  1  1  1  0  1  0  0 ;  0  0  0  0  0  0  1  0  0  0  0  0  0  0  0  0  0  0  0  0  0  0  0  0  0  0  0  0  0  0  0  0  0  0  0
 99 ;   0  0  0  0  0  0  0  0  1  0  1  0  0  1  0  0  0  0  0  0  0  0  1  0  1  0  0  1  0  0  0  0  0  0  0 ;  0  0  0  0  0  0  1  1  1  1  0  0  0  0  0  0  0  0  0  0  0  0  0  0  0 ;  0  0  0  0  0  0  1  0  0  0  0  0  0  1  0  0  0  0  1  1  1  0  0  0  0  0  0  1  0  0  0  0  0  0  0
100 ;   0  0  0  0  0  0  0  0  0  0  0  0  0  0  0  1  0  0  0  0  0  0  0  0  0  0  0  0  0  1  0  1  0  0  1 ;  0  0  1  0  0  0  0  0  0  0  0  0  0  0  0  0  0  0  0  0  0  0  1  0  0 ;  0  0  0  0  0  0  0  0  0  0  0  0  0  0  0  1  0  0  0  0  0  0  0  0  0  0  0  0  0  0  0  0  0  0  0
101 ;   0  0  0  0  0  0  0  0  0  0  0  0  0  0  0  1  0  0  0  0  0  0  0  0  0  0  0  0  0  0  0  0  1  0  0 ;  0  0  1  0  0  0  0  0  0  0  0  0  1  1  1  0  0  0  0  0  0  0  1  0  0 ;  0  0  1  0  1  0  0  0  1  1  0  1  1  0  0  0  1  0  1  0  0  0  1  1  0  1  1  0  0  0  0  0  0  0  0
102 ;   0  0  0  0  0  0  0  0  0  0  0  0  0  0  0  0  0  0  0  0  0  0  0  0  0  0  0  0  1  0  0  1  0  0  0 ;  0  0  0  0  0  0  0  0  0  0  0  0  0  0  0  0  0  0  1  1  0  0  0  1  1 ;  0  1  0  0  0  0  1  0  0  0  0  0  0  0  0  1  0  0  0  0  1  0  0  0  0  0  0  0  1  1  0  0  0  0  1
103 ;   0  0  0  0  0  0  0  0  0  0  0  1  1  0  0  0  0  0  0  0  0  0  0  0  0  0  0  0  0  0  0  0  0  0  0 ;  1  0  1  0  0  1  0  1  0  0  1  0  1  0  0  1  0  1  0  0  0  0  0  0  0 ;  0  0  1  0  1  0  0  0  0  0  0  0  0  0  0  0  0  0  0  0  0  0  0  0  0  0  0  0  0  0  0  0  0  0  0
104 ;   1  0  0  0  0  0  1  0  0  0  0  0  0  0  0  0  0  0  0  0  1  0  0  0  0  0  0  0  0  0  0  0  0  1  0 ;  1  0  1  0  0  0  0  0  0  0  1  0  1  0  0  0  0  0  0  0  1  0  1  0  0 ;  0  0  0  0  0  0  0  0  0  0  0  0  0  0  1  0  0  0  0  0  0  0  0  0  0  0  0  0  0  0  0  0  0  0  0
105 ;   0  0  0  0  0  0  0  0  0  0  0  0  0  0  0  1  1  0  1  0  0  0  0  0  0  0  0  0  0  0  0  0  0  0  0 ;  0  0  0  0  0  0  0  0  0  0  0  1  0  1  1  0  0  0  0  0  0  0  0  0  0 ;  0  0  1  0  0  0  0  0  0  1  1  1  1  0  0  0  1  0  0  0  0  0  0  1  0  0  0  0  0  0  0  0  0  0  0
106 ;   0  0  0  0  0  0  0  0  0  0  0  0  0  0  0  0  0  0  0  0  1  0  0  0  0  0  0  0  0  0  0  1  0  0  0 ;  1  0  0  1  1  0  0  0  0  0  1  0  0  1  1  0  0  1  1  1  1  0  1  0  0 ;  0  0  0  0  0  0  1  0  0  0  0  0  0  0  0  0  0  1  0  0  1  0  0  0  0  0  0  0  0  0  0  0  0  0  0
107 ;   0  0  0  0  0  0  0  0  0  0  0  0  0  0  1  0  0  0  0  0  0  0  0  0  0  0  0  0  1  0  0  0  0  0  0 ;  1  0  0  1  1  0  0  0  0  0  0  0  0  0  0  0  0  0  1  1  1  0  0  0  0 ;  1  0  0  0  0  0  0  0  0  0  0  0  0  0  1  0  0  0  0  0  0  0  0  0  0  0  0  0  0  0  0  0  0  0  0
108 ;   0  0  0  0  0  0  0  0  1  0  0  0  0  0  0  0  0  0  0  0  0  0  1  0  0  0  0  0  1  0  0  1  0  0  0 ;  0  0  0  0  0  0  1  0  1  1  0  0  0  0  0  0  1  0  0  0  0  1  0  0  0 ;  0  1  0  0  0  0  1  1  0  0  0  0  0  0  0  1  0  0  0  0  1  1  0  0  0  0  0  0  1  1  0  0  0  0  1
109 ;   0  0  0  0  0  0  0  0  0  1  0  0  0  0  0  0  1  0  1  0  0  0  0  1  0  0  0  0  0  0  1  0  1  0  0 ;  0  0  1  0  0  0  0  0  0  0  0  0  1  1  1  0  0  1  0  0  0  0  0  0  0 ;  0  0  1  0  1  0  0  0  0  1  0  0  0  0  0  0  1  0  1  0  0  0  0  1  0  0  0  0  0  0  0  0  0  0  0
110 ;   0  1  0  1  0  1  0  0  0  0  0  0  0  0  0  1  0  1  0  1  0  0  0  0  0  0  0  0  0  0  0  0  0  0  0 ;  1  0  0  0  1  0  0  0  0  0  0  0  0  0  0  0  0  0  0  0  0  0  0  0  0 ;  1  0  0  0  0  0  1  0  0  0  0  0  0  0  0  0  0  0  0  0  0  0  0  0  0  0  0  0  0  0  0  0  0  1  0
111 ;   0  0  1  0  1  0  0  1  1  1  1  1  0  0  0  0  0  0  0  0  0  1  1  1  1  1  0  0  0  0  1  0  1  0  0 ;  0  0  0  0  0  0  0  0  0  0  0  0  0  0  0  0  0  0  0  1  0  0  0  0  0 ;  0  0  0  0  1  1  1  0  0  0  0  0  0  0  0  0  0  0  1  1  1  0  0  0  0  0  0  0  0  0  0  0  1  1  1
112 ;   1  1  0  1  0  1  0  0  0  0  0  0  0  0  0  0  0  0  0  0  0  0  1  0  1  0  1  1  1  1  0  1  0  1  0 ;  0  0  0  0  0  0  0  0  0  0  0  0  0  0  0  1  0  1  0  0  1  0  1  0  0 ;  0  0  1  0  0  0  1  0  0  1  0  0  0  0  0  0  0  0  0  0  0  0  0  1  0  0  0  0  0  0  0  0  0  0  0
113 ;   0  1  0  0  0  0  0  0  0  0  0  0  0  0  0  0  0  0  0  0  0  0  0  0  0  0  0  0  0  1  0  1  0  0  1 ;  0  0  1  0  0  0  0  0  0  0  0  0  0  0  0  0  0  0  0  0  0  0  0  0  1 ;  0  0  0  0  0  0  1  0  0  0  0  0  0  0  0  1  0  0  0  0  1  0  0  0  0  0  0  0  0  0  0  0  0  0  1
114 ;   0  0  0  1  0  0  0  0  0  0  0  0  0  0  0  0  0  0  0  0  1  0  0  0  0  0  0  0  0  0  0  0  0  0  0 ;  0  0  1  0  1  0  0  0  0  0  0  0  0  0  1  0  0  0  0  0  0  0  0  0  0 ;  0  0  0  0  0  0  1  0  0  0  0  0  0  0  0  0  0  1  0  0  1  0  0  0  0  0  0  0  0  0  0  0  0  0  1
115 ;   0  0  0  0  0  0  0  0  1  0  0  0  0  0  0  0  0  0  0  0  0  0  1  0  0  0  0  0  0  1  0  0  0  1  0 ;  0  0  0  0  0  1  1  0  1  1  0  0  0  0  0  0  1  0  0  0  0  1  0  0  0 ;  0  1  0  0  0  0  0  0  0  0  0  0  1  0  0  0  0  0  0  0  0  0  0  0  0  0  1  0  0  0  0  0  0  0  0
116 ;   0  0  0  0  0  0  0  0  1  0  0  0  0  0  0  0  0  0  0  0  0  0  1  0  0  0  0  0  0  0  0  1  0  0  0 ;  0  0  0  0  0  0  1  0  1  0  0  0  0  0  0  0  1  0  0  0  0  1  0  0  0 ;  0  0  0  0  0  0  0  1  0  0  1  0  0  1  0  0  0  0  0  0  0  1  1  0  0  0  0  1  1  1  0  0  0  0  1
117 ;   0  0  0  0  0  0  0  0  0  0  0  0  0  0  0  0  0  0  1  1  0  0  0  0  0  1  1  0  0  0  0  0  1  1  0 ;  0  0  0  0  0  0  0  0  0  0  1  0  1  0  0  0  0  0  0  0  0  0  0  0  0 ;  0  0  0  0  0  0  0  0  0  0  0  0  0  0  1  0  0  0  0  1  0  0  0  0  0  0  0  0  0  0  0  0  0  0  0
118 ;   0  0  0  0  0  0  0  0  0  0  0  0  0  0  1  0  0  0  0  0  0  0  0  0  0  0  0  0  0  0  0  0  0  0  0 ;  1  0  0  0  0  0  0  0  0  0  1  0  0  0  0  0  0  0  0  0  1  0  0  0  0 ;  1  0  0  1  0  0  1  0  0  0  0  0  0  0  1  0  0  1  0  0  1  0  0  0  0  0  0  0  1  0  0  1  0  0  1
119 ;   0  0  0  0  0  0  0  1  1  1  1  1  0  0  0  0  0  0  0  0  0  1  1  0  1  0  0  0  0  0  0  0  0  0  0 ;  0  0  0  0  0  0  1  0  1  1  0  0  0  0  0  0  0  0  0  1  0  0  0  0  0 ;  0  0  0  0  1  1  1  0  0  0  0  0  0  0  0  0  0  0  1  1  1  1  0  0  0  0  0  0  1  0  0  0  1  1  1
120 ;   1  1  0  1  1  0  0  0  0  0  0  0  0  0  0  1  0  1  1  0  0  1  0  0  0  0  0  0  1  0  0  0  0  0  0 ;  0  1  0  1  0  0  1  0  0  0  0  0  0  0  0  0  1  0  0  0  0  0  0  0  0 ;  0  0  0  0  0  0  0  1  0  1  0  1  1  1  0  0  0  0  0  0  0  1  0  0  0  0  1  1  0  0  0  0  0  0  0
121 ;   1  0  0  0  0  0  1  0  0  0  0  0  0  0  0  0  0  0  0  0  1  1  0  0  0  0  0  0  1  0  0  0  0  0  0 ;  0  1  0  1  0  0  1  1  1  1  0  0  0  0  0  0  1  1  1  1  0  0  0  0  0 ;  0  0  0  0  0  0  1  0  0  0  0  0  0  0  1  0  0  0  0  0  0  0  0  0  0  0  0  1  0  0  0  0  0  0  0
122 ;   0  0  0  0  0  0  0  0  0  0  1  0  0  0  0  0  0  0  0  0  1  0  0  0  1  0  0  0  0  0  0  1  0  0  0 ;  0  1  0  0  0  0  1  1  1  1  0  1  0  0  0  0  1  0  0  0  0  0  0  0  0 ;  0  0  0  0  0  0  1  0  0  0  0  0  0  1  0  0  0  1  0  0  1  0  0  0  0  0  0  1  0  0  0  0  0  0  0
123 ;   0  0  0  0  0  0  0  1  0  0  0  0  0  0  1  0  0  0  0  0  0  1  0  0  0  0  0  0  1  0  0  0  0  0  0 ;  0  1  0  0  0  0  1  0  1  1  0  0  0  0  0  0  1  0  0  0  0  0  0  0  0 ;  1  0  0  0  0  0  0  1  0  0  0  0  0  0  1  0  0  0  0  0  0  1  0  0  0  0  0  0  0  0  0  0  0  0  0
124 ;   1  1  0  1  1  0  0  1  0  0  0  0  0  1  0  0  0  0  0  0  0  1  1  0  1  1  0  0  1  1  0  1  1  0  0 ;  0  0  1  0  0  0  1  0  0  0  0  0  0  0  0  0  1  0  0  0  0  0  0  0  0 ;  0  0  0  0  0  0  0  0  0  0  0  0  1  1  0  0  0  0  0  0  0  0  0  0  0  0  1  1  0  0  0  0  0  0  0
125 ;   0  0  0  0  0  0  0  0  0  1  0  0  0  0  0  0  0  0  0  0  0  0  0  0  0  1  0  0  0  0  0  0  0  0  0 ;  0  0  0  0  0  0  1  0  0  0  0  0  0  0  0  0  0  0  1  0  0  0  0  0  0 ;  0  0  0  0  0  0  0  0  0  1  0  0  0  0  0  0  0  0  0  0  0  0  0  0  0  1  0  0  0  0  0  0  0  0  0
126 ;   0  0  0  0  0  0  0  0  0  0  0  0  0  0  0  0  0  0  0  0  0  0  1  0  0  0  0  0  0  1  0  0  0  1  0 ;  0  0  0  0  0  1  1  0  1  1  0  0  0  0  0  1  1  0  1  1  0  1  0  1  0 ;  0  1  0  0  0  0  0  0  0  0  0  0  0  0  0  0  0  0  0  0  0  0  0  0  0  0  1  0  0  0  0  0  0  0  0
127 ;   0  0  0  0  0  0  0  0  0  0  0  0  0  0  0  0  0  0  0  0  0  0  0  0  0  0  0  0  0  0  0  1  0  0  1 ;  0  0  0  0  0  0  0  0  0  0  0  0  0  0  0  0  0  1  1  1  0  0  1  1  1 ;  0  0  0  0  0  0  1  0  0  0  0  0  0  0  0  1  0  0  0  0  1  0  0  0  0  0  0  0  0  0  0  0  0  0  0

#
